SetDefaultPointSize 40;
SetCharMap (' ') (' ');

CreateLayer LAYER_2;
Define LAYER_2CharList
 (' ', '!', '"', '#', '%', '&', "'", '(', ')', '+', ',', '-', '.', '/', '0', '1', '2', '3', '4', '5', '6', '7', '8', '9', ':', ';', '=', '?', 'A', 'B', 'C', 'D', 'E', 'F', 'G', 'H', 'I', 'J', 'K', 'L', 'M', 'N', 'O', 'P', 'Q', 'R', 'S', 'T', 'U', 'V', 'W', 'X', 'Y', 'Z', '\\', 'a', 'b', 'c', 'd', 'e', 'f', 'g', 'h', 'i', 'j', 'k', 'l', 'm', 'n', 'o', 'p', 'q', 'r', 's', 't', 'u', 'v', 'w', 'x', 'y', 'z');
Define LAYER_2WidthList
 (15, 19, 21, 26, 41, 25, 11, 16, 16, 23, 12, 16, 12, 17, 30, 24, 25, 26, 28, 24, 27, 23, 28, 27, 12, 12, 18, 26, 28, 28, 24, 27, 21, 21, 27, 28, 26, 24, 26, 21, 38, 30, 30, 28, 30, 28, 25, 25, 28, 25, 43, 26, 24, 25, 19, 28, 30, 25, 29, 22, 23, 29, 30, 14, 22, 30, 22, 40, 32, 29, 29, 28, 30, 25, 26, 30, 30, 43, 27, 27, 25);
Define LAYER_2KernPairs
 ();
Define LAYER_2KernValues
 ();
LayerSetAscent LAYER_2 60;
LayerSetAscentPadding LAYER_2 0;
LayerSetPointSize LAYER_2 40;
LayerSetAlphaCorrection LAYER_2 1;
LayerSetColorMult LAYER_2 (0.000000,0.000000,0.000000,1.000000);
LayerSetOffset LAYER_2 (0,0);
LayerSetHeight LAYER_2 74;
LayerSetCharWidths LAYER_2 LAYER_2CharList LAYER_2WidthList;
LayerSetCharOffsets LAYER_2 LAYER_2CharList ((0,0), (-2,15), (-1,14), (-2,18), (-2,15), (-2,13), (-1,15), (-2,13), (-3,13), (-2,25), (-3,45), (-1,32), (-2,47), (-3,15), (-3,13), (-2,14), (-1,14), (-1,14), (-2,14), (-3,13), (-2,14), (-2,14), (-2,15), (-2,14), (-2,47), (-3,28), (-1,30), (-2,14), (-3,15), (-2,15), (-2,14), (-1,15), (-1,16), (0,15), (-3,14), (-1,15), (-2,15), (-2,15), (-1,15), (0,16), (-1,14), (-1,15), (-2,14), (-1,15), (-3,14), (-1,15), (-2,13), (-3,15), (-2,15), (-3,15), (-2,15), (-3,15), (-3,15), (-1,15), (-2,15), (-4,14), (-2,14), (-3,14), (-1,13), (-2,15), (-2,15), (-2,14), (-2,15), (-2,15), (-3,14), (-1,14), (-1,14), (-1,13), (-1,14), (-3,14), (-1,13), (-2,14), (-1,13), (-2,13), (-2,14), (-2,14), (-2,14), (-3,14), (-3,14), (-3,15), (-2,14));
LayerSetKerningPairs LAYER_2 LAYER_2KernPairs LAYER_2KernValues;
LayerSetHeight LAYER_2 74;
LayerSetImage LAYER_2 'ccbattlecry40_layer0';
LayerSetImageMap LAYER_2 LAYER_2CharList ((0,0,0,0), (177,203,24,50), (284,301,26,23), (205,301,31,46), (72,53,46,49), (93,0,29,53), (327,324,15,22), (122,0,22,53), (0,0,22,54), (236,301,27,31), (310,301,18,23), (308,324,19,17), (277,326,15,16), (109,301,24,49), (306,51,36,51), (122,203,28,50), (263,102,28,51), (63,203,30,50), (172,153,33,50), (241,51,29,51), (0,203,32,50), (20,253,28,49), (139,153,33,50), (71,102,33,51), (292,324,16,17), (2,253,18,40), (263,301,21,25), (179,0,31,52), (4,54,34,48), (170,102,32,51), (291,102,28,51), (123,253,31,48), (133,301,24,49), (319,102,23,49), (106,153,33,50), (311,252,31,49), (280,252,31,49), (0,302,28,49), (92,253,31,48), (157,301,24,49), (201,52,40,50), (201,203,32,49), (144,0,35,52), (73,153,33,50), (22,0,38,53), (104,102,33,51), (234,102,29,51), (249,252,31,49), (154,253,32,48), (233,203,32,49), (118,53,47,49), (265,203,32,49), (219,252,30,49), (28,302,28,49), (181,301,24,49), (270,51,36,51), (273,153,34,50), (32,203,31,50), (40,153,33,50), (56,301,27,49), (65,253,27,48), (297,203,32,49), (38,53,34,49), (48,253,17,48), (150,203,27,50), (165,52,36,50), (83,301,26,49), (288,0,43,51), (239,153,34,50), (307,153,35,50), (137,102,33,51), (60,0,33,53), (36,102,35,51), (210,0,29,52), (202,102,32,51), (205,153,34,50), (0,102,36,51), (239,0,49,51), (7,153,33,50), (186,253,33,48), (93,203,29,50));

CreateLayer LAYER_2__MOD;
LayerSetAscent LAYER_2__MOD 60;
LayerSetAscentPadding LAYER_2__MOD 0;
LayerSetPointSize LAYER_2__MOD 40;
LayerSetAlphaCorrection LAYER_2__MOD 1;
LayerSetColorMult LAYER_2__MOD (0.000000,0.000000,0.000000,1.000000);
LayerSetOffset LAYER_2__MOD (0,0);
LayerSetHeight LAYER_2__MOD 74;
LayerSetCharWidths LAYER_2__MOD LAYER_2CharList LAYER_2WidthList;
LayerSetCharOffsets LAYER_2__MOD LAYER_2CharList ((0,0), (0,0), (0,0), (0,0), (0,0), (0,0), (0,0), (0,0), (0,0), (0,0), (0,0), (0,0), (0,0), (0,0), (0,0), (0,0), (0,0), (0,0), (0,0), (0,0), (0,0), (0,0), (0,0), (0,0), (-2,28), (0,0), (0,0), (0,0), (0,0), (0,0), (0,0), (0,0), (0,0), (0,0), (0,0), (0,0), (0,0), (0,0), (0,0), (0,0), (0,0), (0,0), (0,0), (0,0), (0,0), (0,0), (0,0), (0,0), (0,0), (0,0), (0,0), (0,0), (0,0), (0,0), (0,0), (0,0), (0,0), (0,0), (0,0), (0,0), (0,0), (0,0), (0,0), (0,0), (0,0), (0,0), (0,0), (0,0), (0,0), (0,0), (0,0), (0,0), (0,0), (0,0), (0,0), (0,0), (0,0), (0,0), (0,0), (0,0), (0,0));
LayerSetKerningPairs LAYER_2__MOD LAYER_2KernPairs LAYER_2KernValues;
LayerSetHeight LAYER_2__MOD 74;
LayerSetImage LAYER_2__MOD 'ccbattlecry40_layer0';
LayerSetImageMap LAYER_2__MOD LAYER_2CharList ((0,0,0,0), (0,0,0,0), (0,0,0,0), (0,0,0,0), (0,0,0,0), (0,0,0,0), (0,0,0,0), (0,0,0,0), (0,0,0,0), (0,0,0,0), (0,0,0,0), (0,0,0,0), (0,0,0,0), (0,0,0,0), (0,0,0,0), (0,0,0,0), (0,0,0,0), (0,0,0,0), (0,0,0,0), (0,0,0,0), (0,0,0,0), (0,0,0,0), (0,0,0,0), (0,0,0,0), (261,332,16,17), (0,0,0,0), (0,0,0,0), (0,0,0,0), (0,0,0,0), (0,0,0,0), (0,0,0,0), (0,0,0,0), (0,0,0,0), (0,0,0,0), (0,0,0,0), (0,0,0,0), (0,0,0,0), (0,0,0,0), (0,0,0,0), (0,0,0,0), (0,0,0,0), (0,0,0,0), (0,0,0,0), (0,0,0,0), (0,0,0,0), (0,0,0,0), (0,0,0,0), (0,0,0,0), (0,0,0,0), (0,0,0,0), (0,0,0,0), (0,0,0,0), (0,0,0,0), (0,0,0,0), (0,0,0,0), (0,0,0,0), (0,0,0,0), (0,0,0,0), (0,0,0,0), (0,0,0,0), (0,0,0,0), (0,0,0,0), (0,0,0,0), (0,0,0,0), (0,0,0,0), (0,0,0,0), (0,0,0,0), (0,0,0,0), (0,0,0,0), (0,0,0,0), (0,0,0,0), (0,0,0,0), (0,0,0,0), (0,0,0,0), (0,0,0,0), (0,0,0,0), (0,0,0,0), (0,0,0,0), (0,0,0,0), (0,0,0,0), (0,0,0,0));

CreateLayer MAIN;
Define MAINCharList
 (' ', '!', '"', '#', '%', '&', "'", '(', ')', '+', ',', '-', '.', '/', '0', '1', '2', '3', '4', '5', '6', '7', '8', '9', ':', ';', '=', '?', 'A', 'B', 'C', 'D', 'E', 'F', 'G', 'H', 'I', 'J', 'K', 'L', 'M', 'N', 'O', 'P', 'Q', 'R', 'S', 'T', 'U', 'V', 'W', 'X', 'Y', 'Z', '\\', 'a', 'b', 'c', 'd', 'e', 'f', 'g', 'h', 'i', 'j', 'k', 'l', 'm', 'n', 'o', 'p', 'q', 'r', 's', 't', 'u', 'v', 'w', 'x', 'y', 'z');
Define MAINWidthList
 (15, 19, 21, 26, 41, 25, 11, 16, 16, 23, 12, 16, 12, 17, 30, 24, 25, 26, 28, 24, 27, 23, 28, 27, 12, 12, 18, 26, 28, 28, 24, 27, 21, 21, 27, 28, 26, 24, 26, 21, 38, 30, 30, 28, 30, 28, 25, 25, 28, 25, 43, 26, 24, 25, 19, 28, 30, 25, 29, 22, 23, 29, 30, 14, 22, 30, 22, 40, 32, 29, 29, 28, 30, 25, 26, 30, 30, 43, 27, 27, 25);
Define MAINKernPairs
 ();
Define MAINKernValues
 ();
LayerSetAscent MAIN 60;
LayerSetAscentPadding MAIN 0;
LayerSetPointSize MAIN 40;
LayerSetAlphaCorrection MAIN 0;
LayerSetOffset MAIN (0,0);
LayerSetHeight MAIN 74;
LayerSetBaseOrder MAIN 1;
LayerSetCharWidths MAIN MAINCharList MAINWidthList;
LayerSetCharOffsets MAIN MAINCharList ((0,0), (1,52), (2,17), (1,21), (1,18), (1,16), (2,18), (1,16), (0,16), (1,28), (0,48), (2,35), (1,50), (0,18), (0,16), (1,17), (2,17), (2,17), (1,17), (0,16), (1,17), (1,17), (1,18), (1,17), (1,50), (0,48), (2,43), (5,53), (0,18), (1,18), (1,17), (2,18), (2,19), (3,18), (0,17), (2,18), (1,18), (1,18), (2,18), (3,19), (2,17), (2,18), (1,17), (2,18), (0,17), (2,18), (1,16), (0,18), (1,18), (0,18), (1,18), (0,18), (0,18), (2,18), (1,18), (-1,17), (1,17), (0,17), (2,16), (1,18), (1,18), (1,17), (1,18), (1,18), (0,17), (2,17), (2,17), (2,16), (2,17), (0,17), (2,16), (1,17), (2,16), (1,16), (1,17), (1,17), (1,17), (0,17), (0,17), (0,18), (1,17));
LayerSetKerningPairs MAIN MAINKernPairs MAINKernValues;
LayerSetHeight MAIN 74;
LayerSetImage MAIN 'ccbattlecry40_layer1';
LayerSetImageMap MAIN MAINCharList ((0,0,0,0), (250,282,12,10), (217,266,20,17), (131,265,25,40), (37,47,40,43), (75,0,23,47), (249,266,9,16), (98,0,16,47), (0,0,16,48), (196,266,21,25), (1,135,12,17), (258,266,13,11), (201,291,9,10), (78,222,18,43), (242,45,30,45), (203,222,22,44), (182,90,22,45), (248,222,24,44), (56,178,27,44), (136,90,23,45), (218,178,26,44), (160,222,22,43), (83,178,27,44), (29,90,27,45), (262,277,10,11), (237,266,12,17), (235,283,15,9), (210,291,10,10), (0,265,28,42), (246,0,26,45), (204,90,22,45), (81,265,25,42), (60,222,18,43), (255,90,17,43), (110,178,27,44), (87,135,25,43), (62,135,25,43), (138,222,22,43), (106,265,25,42), (42,222,18,43), (148,46,34,44), (190,135,26,43), (114,0,29,46), (137,178,27,44), (16,0,32,47), (56,90,27,45), (159,90,23,45), (37,135,25,43), (55,265,26,42), (164,135,26,43), (77,47,41,43), (138,135,26,43), (13,135,24,43), (116,222,22,43), (24,222,18,43), (212,45,30,45), (244,134,28,44), (244,178,25,44), (164,178,27,44), (16,47,21,43), (3,222,21,42), (112,135,26,43), (216,135,28,43), (5,48,11,42), (182,222,21,44), (118,46,30,44), (96,222,20,43), (209,0,37,45), (0,178,28,44), (226,90,29,44), (83,90,27,45), (48,0,27,47), (0,90,29,45), (143,0,23,46), (110,90,26,45), (28,178,28,44), (182,45,30,45), (166,0,43,45), (191,178,27,44), (28,265,27,42), (225,222,23,44));

CreateLayer MAIN__MOD;
LayerSetAscent MAIN__MOD 60;
LayerSetAscentPadding MAIN__MOD 0;
LayerSetPointSize MAIN__MOD 40;
LayerSetAlphaCorrection MAIN__MOD 0;
LayerSetOffset MAIN__MOD (0,0);
LayerSetHeight MAIN__MOD 74;
LayerSetBaseOrder MAIN__MOD 1;
LayerSetCharWidths MAIN__MOD MAINCharList MAINWidthList;
LayerSetCharOffsets MAIN__MOD MAINCharList ((0,0), (4,18), (0,0), (0,0), (0,0), (0,0), (0,0), (0,0), (0,0), (0,0), (0,0), (0,0), (0,0), (0,0), (0,0), (0,0), (0,0), (0,0), (0,0), (0,0), (0,0), (0,0), (0,0), (0,0), (1,31), (2,31), (2,33), (1,17), (0,0), (0,0), (0,0), (0,0), (0,0), (0,0), (0,0), (0,0), (0,0), (0,0), (0,0), (0,0), (0,0), (0,0), (0,0), (0,0), (0,0), (0,0), (0,0), (0,0), (0,0), (0,0), (0,0), (0,0), (0,0), (0,0), (0,0), (0,0), (0,0), (0,0), (0,0), (0,0), (0,0), (0,0), (0,0), (0,0), (0,0), (0,0), (0,0), (0,0), (0,0), (0,0), (0,0), (0,0), (0,0), (0,0), (0,0), (0,0), (0,0), (0,0), (0,0), (0,0), (0,0));
LayerSetKerningPairs MAIN__MOD MAINKernPairs MAINKernValues;
LayerSetHeight MAIN__MOD 74;
LayerSetImage MAIN__MOD 'ccbattlecry40_layer1';
LayerSetImageMap MAIN__MOD MAINCharList ((0,0,0,0), (181,266,15,29), (0,0,0,0), (0,0,0,0), (0,0,0,0), (0,0,0,0), (0,0,0,0), (0,0,0,0), (0,0,0,0), (0,0,0,0), (0,0,0,0), (0,0,0,0), (0,0,0,0), (0,0,0,0), (0,0,0,0), (0,0,0,0), (0,0,0,0), (0,0,0,0), (0,0,0,0), (0,0,0,0), (0,0,0,0), (0,0,0,0), (0,0,0,0), (0,0,0,0), (191,295,10,11), (182,295,9,11), (220,283,15,9), (156,265,25,33), (0,0,0,0), (0,0,0,0), (0,0,0,0), (0,0,0,0), (0,0,0,0), (0,0,0,0), (0,0,0,0), (0,0,0,0), (0,0,0,0), (0,0,0,0), (0,0,0,0), (0,0,0,0), (0,0,0,0), (0,0,0,0), (0,0,0,0), (0,0,0,0), (0,0,0,0), (0,0,0,0), (0,0,0,0), (0,0,0,0), (0,0,0,0), (0,0,0,0), (0,0,0,0), (0,0,0,0), (0,0,0,0), (0,0,0,0), (0,0,0,0), (0,0,0,0), (0,0,0,0), (0,0,0,0), (0,0,0,0), (0,0,0,0), (0,0,0,0), (0,0,0,0), (0,0,0,0), (0,0,0,0), (0,0,0,0), (0,0,0,0), (0,0,0,0), (0,0,0,0), (0,0,0,0), (0,0,0,0), (0,0,0,0), (0,0,0,0), (0,0,0,0), (0,0,0,0), (0,0,0,0), (0,0,0,0), (0,0,0,0), (0,0,0,0), (0,0,0,0), (0,0,0,0), (0,0,0,0));
