SetDefaultPointSize 36;
SetCharMap (' ') (' ');

CreateLayer MAIN;
Define MAINCharList
 (' ', '!', '"', '#', '%', '&', "'", '(', ')', '+', ',', '-', '.', '/', '0', '1', '2', '3', '4', '5', '6', '7', '8', '9', ':', ';', '=', '?', 'A', 'B', 'C', 'D', 'E', 'F', 'G', 'H', 'I', 'J', 'K', 'L', 'M', 'N', 'O', 'P', 'Q', 'R', 'S', 'T', 'U', 'V', 'W', 'X', 'Y', 'Z', '\\', 'a', 'b', 'c', 'd', 'e', 'f', 'g', 'h', 'i', 'j', 'k', 'l', 'm', 'n', 'o', 'p', 'q', 'r', 's', 't', 'u', 'v', 'w', 'x', 'y', 'z');
Define MAINWidthList
 (14, 17, 19, 23, 37, 23, 10, 15, 15, 20, 11, 14, 11, 16, 27, 21, 22, 24, 26, 22, 25, 21, 25, 25, 11, 11, 16, 24, 25, 25, 21, 25, 19, 19, 25, 25, 24, 21, 24, 19, 34, 27, 27, 25, 27, 26, 22, 22, 26, 23, 39, 23, 21, 22, 17, 26, 27, 23, 26, 20, 21, 26, 27, 12, 20, 27, 20, 36, 29, 26, 26, 26, 27, 23, 24, 27, 27, 39, 24, 24, 22);
Define MAINKernPairs
 ();
Define MAINKernValues
 ();
LayerSetAscent MAIN 54;
LayerSetAscentPadding MAIN 0;
LayerSetPointSize MAIN 36;
LayerSetAlphaCorrection MAIN 0;
LayerSetColorAdd MAIN (0.364706,0.031373,0.039216,0.000000);
LayerSetOffset MAIN (0,0);
LayerSetHeight MAIN 67;
LayerSetCharWidths MAIN MAINCharList MAINWidthList;
LayerSetCharOffsets MAIN MAINCharList ((0,0), (1,47), (2,15), (1,18), (0,16), (1,14), (2,15), (1,14), (0,14), (1,25), (0,44), (2,32), (1,45), (0,16), (0,15), (1,15), (1,15), (2,15), (1,15), (0,14), (1,15), (1,15), (1,15), (1,15), (1,45), (0,43), (1,38), (4,47), (0,16), (1,16), (0,15), (2,16), (1,15), (3,16), (0,15), (2,16), (1,16), (1,16), (2,16), (2,16), (2,15), (2,16), (1,16), (2,16), (0,16), (2,16), (1,14), (0,16), (1,16), (0,16), (1,16), (0,16), (0,16), (2,16), (0,16), (0,16), (1,16), (0,16), (1,15), (1,17), (2,16), (1,16), (1,17), (1,17), (0,16), (2,16), (2,16), (1,15), (2,16), (0,16), (2,15), (1,16), (2,15), (1,15), (1,16), (1,16), (1,16), (0,16), (0,16), (0,17), (1,16));
LayerSetKerningPairs MAIN MAINKernPairs MAINKernValues;
LayerSetHeight MAIN 67;
LayerSetImage MAIN 'ccbattlecry36_layer0';
LayerSetImageMap MAIN MAINCharList ((0,0,0,0), (162,269,11,9), (202,239,18,15), (124,239,23,36), (183,82,37,39), (0,0,21,43), (238,253,8,14), (36,0,14,43), (21,0,15,43), (183,239,19,22), (231,239,11,14), (151,269,11,9), (202,254,8,9), (93,239,16,39), (0,81,27,40), (0,161,20,40), (176,0,21,41), (34,121,21,40), (172,121,24,40), (197,0,21,41), (133,81,25,40), (43,200,20,39), (104,0,24,41), (128,0,24,41), (219,254,9,10), (220,239,11,15), (173,265,14,8), (228,254,10,10), (220,82,26,39), (158,81,25,40), (218,0,21,41), (20,201,23,38), (186,41,18,41), (109,239,15,39), (221,121,25,40), (129,200,22,39), (107,200,22,39), (0,240,20,39), (151,200,23,39), (20,161,17,40), (82,41,31,40), (148,121,24,40), (81,81,26,40), (124,121,24,40), (50,0,29,42), (152,0,24,41), (225,41,21,41), (85,200,22,39), (6,43,24,38), (222,200,24,39), (37,161,37,39), (198,200,24,39), (63,200,22,39), (20,239,20,39), (76,239,17,39), (27,81,27,40), (101,161,26,39), (55,121,22,40), (196,121,25,40), (227,161,19,39), (40,239,18,39), (174,200,24,39), (127,161,25,39), (3,121,10,37), (1,201,19,39), (55,42,27,39), (58,239,18,39), (113,41,34,40), (152,161,25,39), (74,161,27,39), (100,121,24,40), (79,0,25,41), (107,81,26,40), (204,41,21,41), (77,121,23,40), (177,161,25,39), (54,81,27,40), (147,41,39,40), (202,161,25,39), (30,43,25,38), (13,121,21,40));

CreateLayer MAIN__MOD;
LayerSetAscent MAIN__MOD 54;
LayerSetAscentPadding MAIN__MOD 0;
LayerSetPointSize MAIN__MOD 36;
LayerSetAlphaCorrection MAIN__MOD 0;
LayerSetColorAdd MAIN__MOD (0.364706,0.031373,0.039216,0.000000);
LayerSetOffset MAIN__MOD (0,0);
LayerSetHeight MAIN__MOD 67;
LayerSetCharWidths MAIN__MOD MAINCharList MAINWidthList;
LayerSetCharOffsets MAIN__MOD MAINCharList ((0,0), (4,16), (0,0), (0,0), (0,0), (0,0), (0,0), (0,0), (0,0), (0,0), (0,0), (0,0), (0,0), (0,0), (0,0), (0,0), (0,0), (0,0), (0,0), (0,0), (0,0), (0,0), (0,0), (0,0), (1,28), (2,28), (1,29), (1,15), (0,0), (0,0), (0,0), (0,0), (0,0), (0,0), (0,0), (0,0), (0,0), (0,0), (0,0), (0,0), (0,0), (0,0), (0,0), (0,0), (0,0), (0,0), (0,0), (0,0), (0,0), (0,0), (0,0), (0,0), (0,0), (0,0), (0,0), (0,0), (0,0), (0,0), (0,0), (0,0), (0,0), (0,0), (0,0), (0,0), (0,0), (0,0), (0,0), (0,0), (0,0), (0,0), (0,0), (0,0), (0,0), (0,0), (0,0), (0,0), (0,0), (0,0), (0,0), (0,0), (0,0));
LayerSetKerningPairs MAIN__MOD MAINKernPairs MAINKernValues;
LayerSetHeight MAIN__MOD 67;
LayerSetImage MAIN__MOD 'ccbattlecry36_layer0';
LayerSetImageMap MAIN__MOD MAINCharList ((0,0,0,0), (170,239,13,26), (0,0,0,0), (0,0,0,0), (0,0,0,0), (0,0,0,0), (0,0,0,0), (0,0,0,0), (0,0,0,0), (0,0,0,0), (0,0,0,0), (0,0,0,0), (0,0,0,0), (0,0,0,0), (0,0,0,0), (0,0,0,0), (0,0,0,0), (0,0,0,0), (0,0,0,0), (0,0,0,0), (0,0,0,0), (0,0,0,0), (0,0,0,0), (0,0,0,0), (210,254,9,10), (142,275,9,10), (187,261,15,8), (147,239,23,30), (0,0,0,0), (0,0,0,0), (0,0,0,0), (0,0,0,0), (0,0,0,0), (0,0,0,0), (0,0,0,0), (0,0,0,0), (0,0,0,0), (0,0,0,0), (0,0,0,0), (0,0,0,0), (0,0,0,0), (0,0,0,0), (0,0,0,0), (0,0,0,0), (0,0,0,0), (0,0,0,0), (0,0,0,0), (0,0,0,0), (0,0,0,0), (0,0,0,0), (0,0,0,0), (0,0,0,0), (0,0,0,0), (0,0,0,0), (0,0,0,0), (0,0,0,0), (0,0,0,0), (0,0,0,0), (0,0,0,0), (0,0,0,0), (0,0,0,0), (0,0,0,0), (0,0,0,0), (0,0,0,0), (0,0,0,0), (0,0,0,0), (0,0,0,0), (0,0,0,0), (0,0,0,0), (0,0,0,0), (0,0,0,0), (0,0,0,0), (0,0,0,0), (0,0,0,0), (0,0,0,0), (0,0,0,0), (0,0,0,0), (0,0,0,0), (0,0,0,0), (0,0,0,0), (0,0,0,0));
