SetDefaultPointSize 25;
SetCharMap (' ') (' ');

CreateLayer MAIN;
Define MAINCharList
 ( 'A', 'B', 'C', 'D', 'E', 'F', 'G', 'H', 'I', 'J', 'K', 'L', 'M', 'N', 'O', 'P',
   'Q', 'R', 'S', 'T', 'U', 'V', 'W', 'X', 'Y', 'Z', 'a', 'b', 'c', 'd', 'e', 'f',
   'g', 'h', 'i', 'j', 'k', 'l', 'm', 'n', 'o', 'p', 'q', 'r', 's', 't', 'u', 'v',
   'w', 'x', 'y', 'z', '0', '1', '2', '3', '4', '5', '6', '7', '8', '9', '~', '`',
   '!', '@', '#', '$', '%', '^', '&', '*', '(', ')', '-', '_', '=', '+', '[', '{',
   ']', '}', ';', ':',"'", '"', ',', '<', '.', '>', '/', '?', ' ');
Define MAINWidthList
 (  23,  23,  20,  23,  18,  17,  23,  24,  22,  20,  22,  17,  31,  25,  25,  23,
    25,  23,  20,  21,  23,  21,  35,  21,  20,  20,  23,  25,  21,  24,  19,  19,
    24,  25,  12,  18,  25,  18,  33,  28,  24,  24,  24,  25,  21,  22,  25,  25,
    35,  22,  22,  20,  25,  20,  20,  22,  24,  20,  23,  19,  23,  23,  28,  11,
    16,  29,  21,  19,  34,  22,  21,  21,  14,  14,  13,  22,  15,  19,  16,  17,
    16,  15,  10,  10,  10,  18,  10,  16,  10,  16,  15,  22,  14);
LayerSetAscent MAIN 44;
LayerSetAscentPadding MAIN 0;
LayerSetPointSize MAIN 32;
LayerSetAlphaCorrection MAIN 0;
LayerSetColorAdd MAIN (1.000000,1.000000,1.000000,1.000000);
LayerSetOffset MAIN (0,0);
LayerSetHeight MAIN 40;
LayerSetBaseOrder MAIN 1;
LayerSetCharWidths MAIN MAINCharList MAINWidthList;
LayerSetCharOffsets MAIN MAINCharList ( ( 0, 0), ( 1, 0), ( 1, 0), ( 1, 0), ( 1, 0), ( 2, 0), ( 0, 0), ( 2, 0),
   ( 1, 0), ( 1, 0), ( 2, 0), ( 3, 0), ( 2, 0), ( 2, 0), ( 1, 0), ( 2, 0),
   ( 0, 0), ( 2, 0), ( 1, 0), ( 0, 0), ( 1, 0), ( 0, 0), ( 1, 0), ( 1, 0),
   ( 0, 0), ( 1, 0), ( 0, 0), ( 2, 0), ( 0, 0), ( 1, 0), ( 1, 0), ( 1, 0),
   ( 1, 0), ( 2, 0), ( 1, 0), ( 0, 0), ( 1, 0), ( 2, 0), ( 2, 0), ( 1, 0),
   ( 0, 0), ( 2, 0), ( 1, 0), ( 1, 0), ( 1, 0), ( 1, 0), ( 2, 0), ( 1, 0),
   ( 0, 0), ( 0, 0), ( 0, 0), ( 1, 0), ( 0, 0), ( 0, 0), ( 1, 0), ( 1, 0),
   ( 1, 0), ( 1, 0), ( 1, 0), ( 1, 0), ( 1, 0), ( 1, 0), ( 1, 0), ( 1, 0),
   ( 1, 0), ( 0, 0), ( 1, 0), ( 1, 0), ( 1, 0), ( 1, 0), ( 1, 0), ( 1, 0),
   ( 1, 0), ( 0, 0), ( 1, 0), ( 1, 0), ( 1, 0), ( 0, 0), ( 1, 0), ( 1, 0),
   ( 1, 0), ( 0, 0), ( 0, 0), ( 1, 0), ( 2, 0), ( 3, 0), ( 0, 0), ( 1, 0),
   ( 1, 0), ( 1, 0), ( 0, 0), ( 1, 0), ( 0, 0));
LayerSetHeight MAIN 54;
LayerSetImage MAIN 'shagexotica32_battlecry';
LayerSetImageMap MAIN MAINCharList ( (   0,  0, 23, 40), (  24,  0, 21, 40), (  46,  0, 18, 40), (  65,  0, 20, 40),
   (  86,  0, 15, 40), ( 102,  0, 14, 40), ( 117,  0, 22, 40), ( 140,  0, 20, 40),
   ( 161,  0, 20, 40), ( 182,  0, 17, 40), ( 200,  0, 20, 40), ( 221,  0, 14, 40),
   ( 236,  0, 27, 40), ( 264,  0, 22, 40), ( 287,  0, 23, 40), ( 311,  0, 21, 40),
   ( 333,  0, 26, 40), ( 360,  0, 21, 40), ( 382,  0, 18, 40), ( 401,  0, 21, 40),
   ( 423,  0, 21, 40), ( 445,  0, 21, 40), ( 467,  0, 33, 40), ( 501,  0, 20, 40),
   ( 522,  0, 19, 40), ( 542,  0, 18, 40), ( 561,  0, 24, 40), ( 586,  0, 22, 40),
   ( 609,  0, 20, 40), ( 630,  0, 23, 40), ( 654,  0, 17, 40), ( 672,  0, 18, 40),
   ( 691,  0, 21, 40), ( 713,  0, 21, 40), ( 735,  0,  9, 40), ( 745,  0, 17, 40),
   ( 763,  0, 24, 40), ( 788,  0, 16, 40), ( 805,  0, 30, 40), ( 836,  0, 25, 40),
   ( 862,  0, 24, 40), ( 887,  0, 21, 40), ( 909,  0, 22, 40), ( 932,  0, 24, 40),
   ( 957,  0, 19, 40), ( 977,  0, 21, 40), ( 999,  0, 21, 40), (1021,  0, 24, 40),
   (1046,  0, 35, 40), (1082,  0, 22, 40), (1105,  0, 22, 40), (1128,  0, 18, 40),
   (1147,  0, 24, 40), (1172,  0, 19, 40), (1192,  0, 18, 40), (1211,  0, 20, 40),
   (1232,  0, 22, 40), (1255,  0, 18, 40), (1274,  0, 21, 40), (1296,  0, 18, 40),
   (1315,  0, 21, 40), (1337,  0, 21, 40), (1359,  0, 27, 40), (1387,  0, 10, 40),
   (1398,  0, 14, 40), (1413,  0, 27, 40), (1441,  0, 20, 40), (1462,  0, 18, 40),
   (1481,  0, 32, 40), (1514,  0, 21, 40), (1536,  0, 19, 40), (1556,  0, 19, 40),
   (1576,  0, 13, 40), (1590,  0, 13, 40), (1604,  0, 11, 40), (1616,  0, 20, 40),
   (1637,  0, 13, 40), (1651,  0, 18, 40), (1670,  0, 13, 40), (1684,  0, 15, 40),
   (1700,  0, 13, 40), (1714,  0, 15, 40), (1730,  0, 10, 40), (1741,  0,  7, 40),
   (1749,  0,  7, 40), (1757,  0, 15, 40), (1773,  0, 10, 40), (1784,  0, 15, 40),
   (1800,  0,  7, 40), (1808,  0, 15, 40), (1824,  0, 15, 40), (1840,  0, 20, 40),
   (1861,  0  14, 40));