SetDefaultPointSize 13;
SetCharMap (' ') (' ');

CreateLayer MAIN;
Define MAINCharList
 (' ', '!', '"', '#', '%', '&', "'", '(', ')', '+', ',', '-', '.', '/', '0', '1', '2', '3', '4', '5', '6', '7', '8', '9', ':', ';', '=', '?', 'A', 'B', 'C', 'D', 'E', 'F', 'G', 'H', 'I', 'J', 'K', 'L', 'M', 'N', 'O', 'P', 'Q', 'R', 'S', 'T', 'U', 'V', 'W', 'X', 'Y', 'Z', '\\', 'a', 'b', 'c', 'd', 'e', 'f', 'g', 'h', 'i', 'j', 'k', 'l', 'm', 'n', 'o', 'p', 'q', 'r', 's', 't', 'u', 'v', 'w', 'x', 'y', 'z');
Define MAINWidthList
 (5, 7, 7, 9, 14, 8, 4, 6, 6, 8, 4, 5, 4, 6, 10, 8, 8, 9, 9, 8, 9, 8, 9, 9, 4, 4, 6, 9, 9, 9, 8, 9, 7, 7, 9, 9, 9, 8, 9, 7, 13, 10, 10, 9, 10, 10, 8, 8, 10, 8, 14, 9, 8, 8, 6, 9, 10, 9, 10, 8, 8, 10, 10, 5, 7, 10, 7, 13, 11, 10, 10, 10, 10, 9, 9, 10, 10, 14, 9, 9, 8);
Define MAINKernPairs
 ();
Define MAINKernValues
 ();
LayerSetAscent MAIN 20;
LayerSetAscentPadding MAIN 0;
LayerSetPointSize MAIN 13;
LayerSetAlphaCorrection MAIN 0;
LayerSetOffset MAIN (0,0);
LayerSetHeight MAIN 24;
LayerSetCharWidths MAIN MAINCharList MAINWidthList;
LayerSetCharOffsets MAIN MAINCharList ((0,0), (-1,16), (0,5), (-1,6), (-1,5), (-1,5), (0,5), (-1,4), (-1,4), (-1,8), (-1,14), (0,11), (-1,15), (-1,5), (-1,5), (-1,5), (0,5), (0,5), (-1,5), (-1,5), (-1,5), (-1,5), (-1,5), (-1,5), (-1,15), (-1,9), (0,10), (-1,5), (-1,5), (0,5), (-1,5), (0,5), (-1,5), (0,5), (-1,5), (0,5), (-1,5), (-1,5), (0,5), (0,5), (0,5), (0,5), (-1,5), (0,5), (-1,5), (0,5), (-1,5), (-1,5), (-1,5), (-1,5), (-1,5), (-1,5), (-1,5), (0,6), (-1,5), (-1,5), (0,4), (-1,5), (-1,4), (-1,5), (0,5), (-1,5), (-1,5), (0,5), (-1,5), (0,5), (0,5), (0,5), (0,5), (-1,5), (0,5), (-1,5), (0,4), (-1,4), (-1,5), (-1,5), (-1,5), (-1,5), (-1,5), (-1,5), (-1,5));
LayerSetKerningPairs MAIN MAINKernPairs MAINKernValues;
LayerSetHeight MAIN 24;
LayerSetImage MAIN 'ccbattlecry26_layer0';
LayerSetImageMap MAIN MAINCharList ((0,0,0,0), (84,97,5,4), (88,90,7,6), (60,90,10,13), (87,0,14,15), (10,61,9,15), (97,96,4,6), (60,0,6,16), (66,0,6,16), (75,90,8,9), (83,90,5,7), (79,99,5,4), (75,99,4,4), (39,16,7,14), (12,16,11,15), (19,61,9,15), (12,76,8,15), (4,76,8,15), (55,30,10,15), (28,61,9,15), (65,30,10,15), (37,61,9,15), (75,30,10,15), (85,30,10,15), (93,96,4,5), (95,30,5,12), (95,90,6,6), (11,0,10,16), (91,45,10,15), (46,60,9,15), (55,60,9,15), (54,16,9,14), (0,91,8,15), (44,45,7,15), (81,45,10,15), (64,60,9,15), (73,60,9,15), (8,91,8,15), (82,60,9,15), (32,91,7,15), (23,16,12,15), (91,60,9,15), (1,16,11,15), (92,75,9,15), (0,31,11,15), (83,75,9,15), (74,75,9,15), (65,75,9,15), (71,45,10,15), (56,75,9,15), (72,0,15,15), (61,45,10,15), (47,75,9,15), (46,16,8,14), (39,91,7,15), (11,31,11,15), (21,0,10,16), (38,76,9,15), (0,0,11,16), (16,91,8,15), (46,91,7,15), (63,16,10,14), (22,31,11,15), (35,16,4,14), (24,91,8,15), (51,45,10,15), (53,90,7,15), (73,15,13,15), (34,46,10,15), (33,31,11,15), (29,76,9,15), (31,0,10,16), (41,0,10,16), (51,0,9,16), (24,46,10,15), (14,46,10,15), (44,30,11,15), (86,15,15,15), (4,46,10,15), (0,61,10,15), (20,76,9,15));

CreateLayer MAIN__MOD;
LayerSetAscent MAIN__MOD 20;
LayerSetAscentPadding MAIN__MOD 0;
LayerSetPointSize MAIN__MOD 13;
LayerSetAlphaCorrection MAIN__MOD 0;
LayerSetOffset MAIN__MOD (0,0);
LayerSetHeight MAIN__MOD 24;
LayerSetCharWidths MAIN__MOD MAINCharList MAINWidthList;
LayerSetCharOffsets MAIN__MOD MAINCharList ((0,0), (1,5), (0,0), (0,0), (0,0), (0,0), (0,0), (0,0), (0,0), (0,0), (0,0), (0,0), (0,0), (0,0), (0,0), (0,0), (0,0), (0,0), (0,0), (0,0), (0,0), (0,0), (0,0), (0,0), (-1,9), (0,0), (0,0), (0,0), (0,0), (0,0), (0,0), (0,0), (0,0), (0,0), (0,0), (0,0), (0,0), (0,0), (0,0), (0,0), (0,0), (0,0), (0,0), (0,0), (0,0), (0,0), (0,0), (0,0), (0,0), (0,0), (0,0), (0,0), (0,0), (0,0), (0,0), (0,0), (0,0), (0,0), (0,0), (0,0), (0,0), (0,0), (0,0), (0,0), (0,0), (0,0), (0,0), (0,0), (0,0), (0,0), (0,0), (0,0), (0,0), (0,0), (0,0), (0,0), (0,0), (0,0), (0,0), (0,0), (0,0));
LayerSetKerningPairs MAIN__MOD MAINKernPairs MAINKernValues;
LayerSetHeight MAIN__MOD 24;
LayerSetImage MAIN__MOD 'ccbattlecry26_layer0';
LayerSetImageMap MAIN__MOD MAINCharList ((0,0,0,0), (70,90,5,10), (0,0,0,0), (0,0,0,0), (0,0,0,0), (0,0,0,0), (0,0,0,0), (0,0,0,0), (0,0,0,0), (0,0,0,0), (0,0,0,0), (0,0,0,0), (0,0,0,0), (0,0,0,0), (0,0,0,0), (0,0,0,0), (0,0,0,0), (0,0,0,0), (0,0,0,0), (0,0,0,0), (0,0,0,0), (0,0,0,0), (0,0,0,0), (0,0,0,0), (89,96,4,5), (0,0,0,0), (0,0,0,0), (0,0,0,0), (0,0,0,0), (0,0,0,0), (0,0,0,0), (0,0,0,0), (0,0,0,0), (0,0,0,0), (0,0,0,0), (0,0,0,0), (0,0,0,0), (0,0,0,0), (0,0,0,0), (0,0,0,0), (0,0,0,0), (0,0,0,0), (0,0,0,0), (0,0,0,0), (0,0,0,0), (0,0,0,0), (0,0,0,0), (0,0,0,0), (0,0,0,0), (0,0,0,0), (0,0,0,0), (0,0,0,0), (0,0,0,0), (0,0,0,0), (0,0,0,0), (0,0,0,0), (0,0,0,0), (0,0,0,0), (0,0,0,0), (0,0,0,0), (0,0,0,0), (0,0,0,0), (0,0,0,0), (0,0,0,0), (0,0,0,0), (0,0,0,0), (0,0,0,0), (0,0,0,0), (0,0,0,0), (0,0,0,0), (0,0,0,0), (0,0,0,0), (0,0,0,0), (0,0,0,0), (0,0,0,0), (0,0,0,0), (0,0,0,0), (0,0,0,0), (0,0,0,0), (0,0,0,0), (0,0,0,0));
