SetDefaultPointSize 11;
SetCharMap (' ') (' ');

CreateLayer MAIN;
Define MAINCharList
 (' ', '!', '"', '#', '%', '&', "'", '(', ')', '+', ',', '-', '.', '/', '0', '1', '2', '3', '4', '5', '6', '7', '8', '9', ':', ';', '=', '?', 'A', 'B', 'C', 'D', 'E', 'F', 'G', 'H', 'I', 'J', 'K', 'L', 'M', 'N', 'O', 'P', 'Q', 'R', 'S', 'T', 'U', 'V', 'W', 'X', 'Y', 'Z', '\\', 'a', 'b', 'c', 'd', 'e', 'f', 'g', 'h', 'i', 'j', 'k', 'l', 'm', 'n', 'o', 'p', 'q', 'r', 's', 't', 'u', 'v', 'w', 'x', 'y', 'z');
Define MAINWidthList
 (4, 5, 6, 7, 11, 7, 3, 5, 5, 6, 4, 5, 3, 5, 8, 7, 7, 7, 8, 7, 8, 6, 8, 8, 3, 3, 5, 7, 8, 8, 7, 8, 6, 6, 8, 8, 7, 7, 7, 6, 10, 8, 8, 8, 8, 8, 7, 7, 8, 7, 12, 7, 7, 7, 5, 8, 8, 7, 8, 6, 6, 8, 8, 4, 6, 8, 6, 11, 9, 8, 8, 8, 8, 7, 7, 8, 8, 12, 7, 7, 7);
Define MAINKernPairs
 ();
Define MAINKernValues
 ();
LayerSetAscent MAIN 17;
LayerSetAscentPadding MAIN 0;
LayerSetPointSize MAIN 11;
LayerSetAlphaCorrection MAIN 0;
LayerSetOffset MAIN (0,0);
LayerSetHeight MAIN 20;
LayerSetCharWidths MAIN MAINCharList MAINWidthList;
LayerSetCharOffsets MAIN MAINCharList ((0,0), (-1,13), (0,4), (-1,4), (-1,4), (-1,3), (0,4), (-1,4), (-1,4), (-1,7), (-1,12), (-1,9), (-1,13), (-1,4), (-1,4), (-1,4), (-1,4), (-1,4), (-1,4), (-1,4), (-1,4), (-1,4), (-1,4), (-1,4), (-1,8), (-1,8), (-1,8), (-1,3), (-1,4), (-1,4), (-1,3), (-1,4), (-1,4), (-1,4), (-1,3), (0,4), (-1,4), (-1,4), (0,4), (0,4), (-1,4), (0,4), (-1,4), (-1,4), (-1,4), (0,4), (-1,4), (-1,4), (-1,4), (-1,4), (-1,4), (-1,4), (-1,4), (-1,4), (-1,4), (-1,4), (-1,4), (-1,4), (-1,4), (-1,4), (-1,4), (-1,4), (-1,4), (-1,5), (-1,4), (-1,4), (0,4), (-1,4), (-1,4), (-1,4), (0,4), (-1,4), (-1,4), (-1,4), (-1,4), (-1,4), (-1,4), (-1,4), (-1,4), (-1,4), (-1,4));
LayerSetKerningPairs MAIN MAINKernPairs MAINKernValues;
LayerSetHeight MAIN 20;
LayerSetImage MAIN 'ccbattlecry22_layer0';
LayerSetImageMap MAIN MAINCharList ((0,0,0,0), (84,76,5,3), (78,76,6,5), (72,64,8,12), (10,14,12,12), (9,0,8,14), (86,52,3,5), (28,52,6,13), (52,52,5,13), (61,76,7,7), (74,76,4,6), (84,79,5,3), (80,81,4,3), (36,77,6,12), (67,0,9,13), (10,39,7,13), (72,26,8,13), (80,26,8,13), (76,0,9,13), (3,39,7,13), (80,13,9,13), (0,52,7,13), (71,13,9,13), (62,13,9,13), (52,77,4,9), (48,77,4,10), (68,76,6,6), (17,0,8,14), (1,14,9,12), (68,52,9,12), (25,0,7,14), (64,64,8,12), (57,64,7,12), (42,77,6,12), (81,39,8,13), (8,77,7,12), (49,65,8,12), (15,77,7,12), (22,77,7,12), (34,52,6,13), (57,52,11,12), (41,65,8,12), (77,52,9,12), (80,64,9,12), (57,0,10,13), (73,39,8,13), (33,65,8,12), (25,65,8,12), (17,65,8,12), (9,65,8,12), (22,14,13,12), (1,65,8,12), (29,77,7,12), (0,77,8,12), (40,52,6,13), (53,13,9,13), (44,13,9,13), (65,39,8,13), (35,13,9,13), (7,52,7,13), (14,52,7,13), (0,26,9,13), (9,26,9,13), (85,0,4,11), (21,52,7,13), (18,26,9,13), (46,52,6,13), (45,0,12,13), (27,26,9,13), (36,26,9,13), (57,39,8,13), (0,0,9,14), (45,26,9,13), (49,39,8,13), (41,39,8,13), (54,26,9,13), (63,26,9,13), (32,0,13,13), (33,39,8,13), (25,39,8,13), (17,39,8,13));

CreateLayer MAIN__MOD;
LayerSetAscent MAIN__MOD 17;
LayerSetAscentPadding MAIN__MOD 0;
LayerSetPointSize MAIN__MOD 11;
LayerSetAlphaCorrection MAIN__MOD 0;
LayerSetOffset MAIN__MOD (0,0);
LayerSetHeight MAIN__MOD 20;
LayerSetCharWidths MAIN__MOD MAINCharList MAINWidthList;
LayerSetCharOffsets MAIN__MOD MAINCharList ((0,0), (0,4), (0,0), (0,0), (0,0), (0,0), (0,0), (0,0), (0,0), (0,0), (0,0), (0,0), (0,0), (0,0), (0,0), (0,0), (0,0), (0,0), (0,0), (0,0), (0,0), (0,0), (0,0), (0,0), (0,0), (0,0), (0,0), (0,0), (0,0), (0,0), (0,0), (0,0), (0,0), (0,0), (0,0), (0,0), (0,0), (0,0), (0,0), (0,0), (0,0), (0,0), (0,0), (0,0), (0,0), (0,0), (0,0), (0,0), (0,0), (0,0), (0,0), (0,0), (0,0), (0,0), (0,0), (0,0), (0,0), (0,0), (0,0), (0,0), (0,0), (0,0), (0,0), (0,0), (0,0), (0,0), (0,0), (0,0), (0,0), (0,0), (0,0), (0,0), (0,0), (0,0), (0,0), (0,0), (0,0), (0,0), (0,0), (0,0), (0,0));
LayerSetKerningPairs MAIN__MOD MAINKernPairs MAINKernValues;
LayerSetHeight MAIN__MOD 20;
LayerSetImage MAIN__MOD 'ccbattlecry22_layer0';
LayerSetImageMap MAIN__MOD MAINCharList ((0,0,0,0), (56,77,5,8), (0,0,0,0), (0,0,0,0), (0,0,0,0), (0,0,0,0), (0,0,0,0), (0,0,0,0), (0,0,0,0), (0,0,0,0), (0,0,0,0), (0,0,0,0), (0,0,0,0), (0,0,0,0), (0,0,0,0), (0,0,0,0), (0,0,0,0), (0,0,0,0), (0,0,0,0), (0,0,0,0), (0,0,0,0), (0,0,0,0), (0,0,0,0), (0,0,0,0), (0,0,0,0), (0,0,0,0), (0,0,0,0), (0,0,0,0), (0,0,0,0), (0,0,0,0), (0,0,0,0), (0,0,0,0), (0,0,0,0), (0,0,0,0), (0,0,0,0), (0,0,0,0), (0,0,0,0), (0,0,0,0), (0,0,0,0), (0,0,0,0), (0,0,0,0), (0,0,0,0), (0,0,0,0), (0,0,0,0), (0,0,0,0), (0,0,0,0), (0,0,0,0), (0,0,0,0), (0,0,0,0), (0,0,0,0), (0,0,0,0), (0,0,0,0), (0,0,0,0), (0,0,0,0), (0,0,0,0), (0,0,0,0), (0,0,0,0), (0,0,0,0), (0,0,0,0), (0,0,0,0), (0,0,0,0), (0,0,0,0), (0,0,0,0), (0,0,0,0), (0,0,0,0), (0,0,0,0), (0,0,0,0), (0,0,0,0), (0,0,0,0), (0,0,0,0), (0,0,0,0), (0,0,0,0), (0,0,0,0), (0,0,0,0), (0,0,0,0), (0,0,0,0), (0,0,0,0), (0,0,0,0), (0,0,0,0), (0,0,0,0), (0,0,0,0));
