SetDefaultPointSize 20;
SetCharMap (' ') (' ');

CreateLayer LAYER_2;
Define LAYER_2CharList
 (' ', '!', '"', '#', '%', '&', "'", '(', ')', '+', ',', '-', '.', '/', '0', '1', '2', '3', '4', '5', '6', '7', '8', '9', ':', ';', '=', '?', 'A', 'B', 'C', 'D', 'E', 'F', 'G', 'H', 'I', 'J', 'K', 'L', 'M', 'N', 'O', 'P', 'Q', 'R', 'S', 'T', 'U', 'V', 'W', 'X', 'Y', 'Z', '\\', 'a', 'b', 'c', 'd', 'e', 'f', 'g', 'h', 'i', 'j', 'k', 'l', 'm', 'n', 'o', 'p', 'q', 'r', 's', 't', 'u', 'v', 'w', 'x', 'y', 'z');
Define LAYER_2WidthList
 (8, 10, 11, 13, 21, 13, 6, 8, 8, 12, 6, 8, 6, 9, 15, 12, 13, 13, 14, 12, 14, 12, 14, 14, 6, 6, 9, 13, 14, 14, 12, 14, 11, 11, 14, 14, 13, 12, 13, 11, 19, 15, 15, 14, 15, 14, 13, 13, 14, 13, 22, 13, 12, 13, 10, 14, 15, 13, 15, 11, 12, 15, 15, 7, 11, 15, 11, 20, 16, 15, 15, 14, 15, 13, 13, 15, 15, 22, 14, 14, 13);
Define LAYER_2KernPairs
 ();
Define LAYER_2KernValues
 ();
LayerSetAscent LAYER_2 30;
LayerSetAscentPadding LAYER_2 0;
LayerSetPointSize LAYER_2 20;
LayerSetAlphaCorrection LAYER_2 1;
LayerSetColorMult LAYER_2 (0.000000,0.000000,0.000000,1.000000);
LayerSetOffset LAYER_2 (0,0);
LayerSetHeight LAYER_2 37;
LayerSetCharWidths LAYER_2 LAYER_2CharList LAYER_2WidthList;
LayerSetCharOffsets LAYER_2 LAYER_2CharList ((0,0), (-2,7), (-2,6), (-2,8), (-2,7), (-2,6), (-1,7), (-2,6), (-3,6), (-2,12), (-3,22), (-2,15), (-2,23), (-2,7), (-2,6), (-2,6), (-2,6), (-1,6), (-2,6), (-3,6), (-2,6), (-2,6), (-2,7), (-2,6), (-2,13), (-3,13), (-1,14), (-2,6), (-3,7), (-2,7), (-2,6), (-1,7), (-2,7), (-1,7), (-2,6), (-2,7), (-2,7), (-2,7), (-1,7), (-1,7), (-1,6), (-1,7), (-2,7), (-2,7), (-2,7), (-2,7), (-2,6), (-3,7), (-2,7), (-3,7), (-2,7), (-2,7), (-2,7), (-2,7), (-2,7), (-3,6), (-2,6), (-3,6), (-2,6), (-2,7), (-1,7), (-2,6), (-2,7), (-2,7), (-2,6), (-1,6), (-1,6), (-2,6), (-2,6), (-2,6), (-2,6), (-2,6), (-1,6), (-2,6), (-2,6), (-1,6), (-2,6), (-2,6), (-2,6), (-2,7), (-2,6));
LayerSetKerningPairs LAYER_2 LAYER_2KernPairs LAYER_2KernValues;
LayerSetHeight LAYER_2 37;
LayerSetImage LAYER_2 'ccbattlecry40_layer0';
LayerSetImageMap LAYER_2 LAYER_2CharList ((0,0,0,0), (73,155,13,25), (165,170,14,13), (21,28,17,24), (56,27,24,25), (63,0,15,27), (146,172,8,11), (93,0,12,27), (17,0,12,28), (142,156,15,16), (168,156,10,12), (154,172,11,10), (138,174,8,9), (99,155,12,25), (160,26,19,26), (164,52,15,26), (66,104,15,26), (34,104,16,26), (105,26,17,26), (50,104,16,26), (144,78,17,26), (81,104,15,26), (127,78,17,26), (29,0,17,27), (133,155,9,19), (123,155,10,21), (157,156,11,14), (46,0,17,27), (38,27,18,25), (110,78,17,26), (78,0,15,27), (18,130,16,25), (166,130,13,26), (111,155,12,25), (93,78,17,26), (25,79,17,25), (8,79,17,25), (45,155,14,25), (2,130,16,25), (153,130,13,26), (153,0,21,26), (136,130,17,25), (141,26,19,26), (119,130,17,25), (122,26,19,26), (38,52,18,26), (96,104,15,26), (102,130,17,25), (85,130,17,25), (68,130,17,25), (80,27,25,25), (51,130,17,25), (0,155,15,25), (15,155,15,25), (86,155,13,25), (0,53,19,26), (56,52,18,26), (76,78,17,26), (74,52,18,26), (30,155,15,25), (59,155,14,25), (59,78,17,26), (3,28,18,25), (169,104,10,25), (141,104,14,26), (92,52,18,26), (155,104,14,26), (130,0,23,26), (110,52,18,26), (128,52,18,26), (146,52,18,26), (0,0,17,28), (161,78,18,26), (111,104,15,26), (42,78,17,26), (0,104,17,26), (19,53,19,26), (105,0,25,26), (17,104,17,26), (34,130,17,25), (126,104,15,26));

CreateLayer LAYER_2__MOD;
LayerSetAscent LAYER_2__MOD 30;
LayerSetAscentPadding LAYER_2__MOD 0;
LayerSetPointSize LAYER_2__MOD 20;
LayerSetAlphaCorrection LAYER_2__MOD 1;
LayerSetColorMult LAYER_2__MOD (0.000000,0.000000,0.000000,1.000000);
LayerSetOffset LAYER_2__MOD (0,0);
LayerSetHeight LAYER_2__MOD 37;
LayerSetCharWidths LAYER_2__MOD LAYER_2CharList LAYER_2WidthList;
LayerSetCharOffsets LAYER_2__MOD LAYER_2CharList ((0,0), (0,0), (0,0), (0,0), (0,0), (0,0), (0,0), (0,0), (0,0), (0,0), (0,0), (0,0), (0,0), (0,0), (0,0), (0,0), (0,0), (0,0), (0,0), (0,0), (0,0), (0,0), (0,0), (0,0), (0,0), (0,0), (0,0), (0,0), (0,0), (0,0), (0,0), (0,0), (0,0), (0,0), (0,0), (0,0), (0,0), (0,0), (0,0), (0,0), (0,0), (0,0), (0,0), (0,0), (0,0), (0,0), (0,0), (0,0), (0,0), (0,0), (0,0), (0,0), (0,0), (0,0), (0,0), (0,0), (0,0), (0,0), (0,0), (0,0), (0,0), (0,0), (0,0), (0,0), (0,0), (0,0), (0,0), (0,0), (0,0), (0,0), (0,0), (0,0), (0,0), (0,0), (0,0), (0,0), (0,0), (0,0), (0,0), (0,0), (0,0));
LayerSetKerningPairs LAYER_2__MOD LAYER_2KernPairs LAYER_2KernValues;
LayerSetHeight LAYER_2__MOD 37;
LayerSetImage LAYER_2__MOD 'ccbattlecry40_layer0';
LayerSetImageMap LAYER_2__MOD LAYER_2CharList ((0,0,0,0), (0,0,0,0), (0,0,0,0), (0,0,0,0), (0,0,0,0), (0,0,0,0), (0,0,0,0), (0,0,0,0), (0,0,0,0), (0,0,0,0), (0,0,0,0), (0,0,0,0), (0,0,0,0), (0,0,0,0), (0,0,0,0), (0,0,0,0), (0,0,0,0), (0,0,0,0), (0,0,0,0), (0,0,0,0), (0,0,0,0), (0,0,0,0), (0,0,0,0), (0,0,0,0), (0,0,0,0), (0,0,0,0), (0,0,0,0), (0,0,0,0), (0,0,0,0), (0,0,0,0), (0,0,0,0), (0,0,0,0), (0,0,0,0), (0,0,0,0), (0,0,0,0), (0,0,0,0), (0,0,0,0), (0,0,0,0), (0,0,0,0), (0,0,0,0), (0,0,0,0), (0,0,0,0), (0,0,0,0), (0,0,0,0), (0,0,0,0), (0,0,0,0), (0,0,0,0), (0,0,0,0), (0,0,0,0), (0,0,0,0), (0,0,0,0), (0,0,0,0), (0,0,0,0), (0,0,0,0), (0,0,0,0), (0,0,0,0), (0,0,0,0), (0,0,0,0), (0,0,0,0), (0,0,0,0), (0,0,0,0), (0,0,0,0), (0,0,0,0), (0,0,0,0), (0,0,0,0), (0,0,0,0), (0,0,0,0), (0,0,0,0), (0,0,0,0), (0,0,0,0), (0,0,0,0), (0,0,0,0), (0,0,0,0), (0,0,0,0), (0,0,0,0), (0,0,0,0), (0,0,0,0), (0,0,0,0), (0,0,0,0), (0,0,0,0), (0,0,0,0));

CreateLayer MAIN;
Define MAINCharList
 (' ', '!', '"', '#', '%', '&', "'", '(', ')', '+', ',', '-', '.', '/', '0', '1', '2', '3', '4', '5', '6', '7', '8', '9', ':', ';', '=', '?', 'A', 'B', 'C', 'D', 'E', 'F', 'G', 'H', 'I', 'J', 'K', 'L', 'M', 'N', 'O', 'P', 'Q', 'R', 'S', 'T', 'U', 'V', 'W', 'X', 'Y', 'Z', '\\', 'a', 'b', 'c', 'd', 'e', 'f', 'g', 'h', 'i', 'j', 'k', 'l', 'm', 'n', 'o', 'p', 'q', 'r', 's', 't', 'u', 'v', 'w', 'x', 'y', 'z');
Define MAINWidthList
 (8, 10, 11, 13, 21, 13, 6, 8, 8, 12, 6, 8, 6, 9, 15, 12, 13, 13, 14, 12, 14, 12, 14, 14, 6, 6, 9, 13, 14, 14, 12, 14, 11, 11, 14, 14, 13, 12, 13, 11, 19, 15, 15, 14, 15, 14, 13, 13, 14, 13, 22, 13, 12, 13, 10, 14, 15, 13, 15, 11, 12, 15, 15, 7, 11, 15, 11, 20, 16, 15, 15, 14, 15, 13, 13, 15, 15, 22, 14, 14, 13);
Define MAINKernPairs
 ();
Define MAINKernValues
 ();
LayerSetAscent MAIN 30;
LayerSetAscentPadding MAIN 0;
LayerSetPointSize MAIN 20;
LayerSetAlphaCorrection MAIN 0;
LayerSetOffset MAIN (0,0);
LayerSetHeight MAIN 37;
LayerSetBaseOrder MAIN 1;
LayerSetCharWidths MAIN MAINCharList MAINWidthList;
LayerSetCharOffsets MAIN MAINCharList ((0,0), (0,25), (0,8), (0,10), (-1,8), (-1,7), (0,8), (-1,7), (-1,7), (0,13), (-1,23), (0,17), (-1,24), (-1,8), (-1,8), (-1,8), (0,8), (0,8), (-1,8), (-1,8), (0,8), (0,8), (-1,8), (0,8), (-1,24), (-1,23), (0,16), (2,26), (-1,8), (-1,8), (-1,8), (0,8), (0,9), (0,9), (-1,8), (0,8), (0,8), (-1,8), (0,8), (0,9), (0,8), (0,8), (0,8), (0,8), (-1,8), (0,8), (-1,7), (-1,8), (-1,8), (-1,8), (0,8), (-1,8), (-1,8), (0,9), (0,8), (-1,8), (0,8), (-1,8), (0,7), (0,8), (0,8), (-1,8), (0,8), (0,8), (-1,8), (0,8), (0,8), (0,7), (0,8), (-1,8), (0,8), (-1,8), (0,7), (-1,7), (0,8), (0,8), (0,8), (0,8), (0,8), (-1,8), (-1,8));
LayerSetKerningPairs MAIN MAINKernPairs MAINKernValues;
LayerSetHeight MAIN 37;
LayerSetImage MAIN 'ccbattlecry40_layer1';
LayerSetImageMap MAIN MAINCharList ((0,0,0,0), (135,148,7,6), (133,139,11,9), (64,138,13,20), (92,24,21,23), (0,0,13,25), (1,25,6,9), (13,0,9,25), (22,0,9,25), (99,139,11,14), (119,139,7,10), (128,149,7,6), (122,149,6,6), (102,116,10,23), (37,24,16,23), (24,116,12,22), (121,93,12,23), (122,47,13,23), (32,47,15,23), (133,93,12,23), (89,70,14,23), (12,116,12,22), (47,47,15,23), (75,70,14,23), (142,148,6,7), (126,139,7,10), (110,139,9,10), (116,149,6,6), (22,25,15,22), (61,70,14,23), (136,116,12,23), (78,116,14,22), (34,138,10,22), (44,138,10,22), (62,47,15,23), (56,93,13,23), (69,93,13,23), (124,116,12,23), (64,116,14,22), (54,138,10,22), (53,24,18,23), (47,70,14,23), (83,0,15,24), (33,70,14,23), (50,0,17,24), (113,0,14,24), (127,0,13,24), (82,93,13,23), (50,116,14,22), (19,70,14,23), (71,24,21,23), (5,70,14,23), (95,93,13,23), (0,138,12,22), (92,116,10,23), (77,47,15,23), (92,47,15,23), (108,93,13,23), (0,93,14,23), (1,116,11,22), (12,138,11,22), (36,116,14,22), (107,47,15,23), (140,0,6,22), (112,116,12,23), (0,47,16,23), (23,138,11,22), (31,0,19,24), (133,70,15,23), (118,70,15,23), (14,93,14,23), (98,0,15,24), (67,0,16,24), (135,24,13,24), (28,93,14,23), (103,70,15,23), (16,47,16,23), (113,24,22,23), (42,93,14,23), (7,25,15,22), (135,48,13,22));

CreateLayer MAIN__MOD;
LayerSetAscent MAIN__MOD 30;
LayerSetAscentPadding MAIN__MOD 0;
LayerSetPointSize MAIN__MOD 20;
LayerSetAlphaCorrection MAIN__MOD 0;
LayerSetOffset MAIN__MOD (0,0);
LayerSetHeight MAIN__MOD 37;
LayerSetBaseOrder MAIN__MOD 1;
LayerSetCharWidths MAIN__MOD MAINCharList MAINWidthList;
LayerSetCharOffsets MAIN__MOD MAINCharList ((0,0), (1,8), (0,0), (0,0), (0,0), (0,0), (0,0), (0,0), (0,0), (0,0), (0,0), (0,0), (0,0), (0,0), (0,0), (0,0), (0,0), (0,0), (0,0), (0,0), (0,0), (0,0), (0,0), (0,0), (-1,15), (0,15), (0,0), (0,8), (0,0), (0,0), (0,0), (0,0), (0,0), (0,0), (0,0), (0,0), (0,0), (0,0), (0,0), (0,0), (0,0), (0,0), (0,0), (0,0), (0,0), (0,0), (0,0), (0,0), (0,0), (0,0), (0,0), (0,0), (0,0), (0,0), (0,0), (0,0), (0,0), (0,0), (0,0), (0,0), (0,0), (0,0), (0,0), (0,0), (0,0), (0,0), (0,0), (0,0), (0,0), (0,0), (0,0), (0,0), (0,0), (0,0), (0,0), (0,0), (0,0), (0,0), (0,0), (0,0), (0,0));
LayerSetKerningPairs MAIN__MOD MAINKernPairs MAINKernValues;
LayerSetHeight MAIN__MOD 37;
LayerSetImage MAIN__MOD 'ccbattlecry40_layer1';
LayerSetImageMap MAIN__MOD MAINCharList ((0,0,0,0), (90,139,9,16), (0,0,0,0), (0,0,0,0), (0,0,0,0), (0,0,0,0), (0,0,0,0), (0,0,0,0), (0,0,0,0), (0,0,0,0), (0,0,0,0), (0,0,0,0), (0,0,0,0), (0,0,0,0), (0,0,0,0), (0,0,0,0), (0,0,0,0), (0,0,0,0), (0,0,0,0), (0,0,0,0), (0,0,0,0), (0,0,0,0), (0,0,0,0), (0,0,0,0), (110,149,6,6), (105,153,5,6), (0,0,0,0), (77,138,13,17), (0,0,0,0), (0,0,0,0), (0,0,0,0), (0,0,0,0), (0,0,0,0), (0,0,0,0), (0,0,0,0), (0,0,0,0), (0,0,0,0), (0,0,0,0), (0,0,0,0), (0,0,0,0), (0,0,0,0), (0,0,0,0), (0,0,0,0), (0,0,0,0), (0,0,0,0), (0,0,0,0), (0,0,0,0), (0,0,0,0), (0,0,0,0), (0,0,0,0), (0,0,0,0), (0,0,0,0), (0,0,0,0), (0,0,0,0), (0,0,0,0), (0,0,0,0), (0,0,0,0), (0,0,0,0), (0,0,0,0), (0,0,0,0), (0,0,0,0), (0,0,0,0), (0,0,0,0), (0,0,0,0), (0,0,0,0), (0,0,0,0), (0,0,0,0), (0,0,0,0), (0,0,0,0), (0,0,0,0), (0,0,0,0), (0,0,0,0), (0,0,0,0), (0,0,0,0), (0,0,0,0), (0,0,0,0), (0,0,0,0), (0,0,0,0), (0,0,0,0), (0,0,0,0), (0,0,0,0));
