SetDefaultPointSize 18;
SetCharMap (' ') (' ');

CreateLayer MAIN;
Define MAINCharList
 (' ', '!', '"', '#', '%', '&', "'", '(', ')', '+', ',', '-', '.', '/', '0', '1', '2', '3', '4', '5', '6', '7', '8', '9', ':', ';', '=', '?', 'A', 'B', 'C', 'D', 'E', 'F', 'G', 'H', 'I', 'J', 'K', 'L', 'M', 'N', 'O', 'P', 'Q', 'R', 'S', 'T', 'U', 'V', 'W', 'X', 'Y', 'Z', '\\', 'a', 'b', 'c', 'd', 'e', 'f', 'g', 'h', 'i', 'j', 'k', 'l', 'm', 'n', 'o', 'p', 'q', 'r', 's', 't', 'u', 'v', 'w', 'x', 'y', 'z');
Define MAINWidthList
 (7, 9, 10, 12, 19, 12, 5, 8, 8, 10, 6, 7, 6, 8, 14, 11, 11, 12, 13, 11, 13, 11, 13, 13, 6, 6, 8, 12, 13, 13, 11, 13, 10, 10, 13, 13, 12, 11, 12, 10, 17, 14, 14, 13, 14, 13, 11, 11, 13, 12, 20, 12, 11, 11, 9, 13, 14, 12, 13, 10, 11, 13, 14, 6, 10, 14, 10, 18, 15, 13, 13, 13, 14, 12, 12, 14, 14, 20, 12, 12, 11);
Define MAINKernPairs
 ();
Define MAINKernValues
 ();
LayerSetAscent MAIN 27;
LayerSetAscentPadding MAIN 0;
LayerSetPointSize MAIN 18;
LayerSetAlphaCorrection MAIN 0;
LayerSetColorAdd MAIN (0.364706,0.031373,0.039216,0.000000);
LayerSetOffset MAIN (0,0);
LayerSetHeight MAIN 34;
LayerSetCharWidths MAIN MAINCharList MAINWidthList;
LayerSetCharOffsets MAIN MAINCharList ((0,0), (0,22), (0,7), (0,8), (-1,7), (0,6), (0,7), (0,6), (-1,6), (0,12), (-1,21), (0,15), (0,21), (-1,7), (-1,7), (0,7), (0,7), (0,7), (0,7), (-1,6), (0,7), (0,7), (0,7), (0,7), (0,21), (-1,20), (0,14), (0,7), (-1,7), (0,7), (-1,7), (0,7), (0,7), (1,8), (-1,7), (0,7), (0,7), (0,7), (0,7), (0,7), (0,7), (0,7), (0,7), (0,7), (-1,7), (0,7), (0,6), (-1,7), (0,7), (-1,7), (0,7), (-1,7), (-1,7), (0,8), (-1,7), (-1,7), (0,7), (-1,7), (0,7), (0,8), (0,8), (0,7), (0,8), (0,8), (-1,7), (0,7), (0,7), (0,7), (0,7), (-1,7), (0,7), (0,7), (0,7), (0,7), (0,7), (0,7), (0,7), (-1,7), (-1,7), (-1,8), (0,7));
LayerSetKerningPairs MAIN MAINKernPairs MAINKernValues;
LayerSetHeight MAIN 34;
LayerSetImage MAIN 'ccbattlecry36_layer0';
LayerSetImageMap MAIN MAINCharList ((0,0,0,0), (110,130,6,5), (107,122,10,8), (35,122,12,19), (0,42,19,20), (0,0,11,22), (123,122,5,8), (19,0,7,22), (11,0,8,22), (83,122,10,11), (117,122,6,8), (104,131,6,5), (127,42,4,6), (3,102,9,20), (1,22,14,20), (62,102,10,20), (108,21,11,21), (1,62,11,20), (52,82,12,20), (97,21,11,21), (64,82,12,20), (52,102,10,20), (80,0,12,21), (92,0,12,21), (126,130,5,6), (101,122,6,9), (93,122,8,9), (104,0,12,21), (71,42,14,20), (116,0,12,21), (86,21,11,21), (76,82,12,20), (44,21,9,21), (68,122,8,19), (90,62,13,20), (88,82,12,20), (72,102,11,20), (42,102,10,20), (100,82,12,20), (35,21,9,21), (55,42,16,20), (77,62,13,20), (41,0,13,21), (64,62,13,20), (26,0,15,21), (54,0,13,21), (75,21,11,21), (112,82,12,20), (119,102,12,20), (51,62,13,20), (19,42,19,20), (38,62,13,20), (107,102,12,20), (47,122,11,19), (0,122,9,20), (85,42,14,20), (25,62,13,20), (119,21,12,21), (12,62,13,20), (32,102,10,20), (58,122,10,19), (95,102,12,20), (9,122,13,19), (124,82,5,19), (22,102,10,20), (99,42,14,20), (12,102,10,20), (38,42,17,20), (0,82,13,20), (113,42,14,20), (13,82,13,20), (67,0,13,21), (117,62,14,20), (64,21,11,21), (83,102,12,20), (26,82,13,20), (103,62,14,20), (15,22,20,20), (39,82,13,20), (22,122,13,19), (53,21,11,21));

CreateLayer MAIN__MOD;
LayerSetAscent MAIN__MOD 27;
LayerSetAscentPadding MAIN__MOD 0;
LayerSetPointSize MAIN__MOD 18;
LayerSetAlphaCorrection MAIN__MOD 0;
LayerSetColorAdd MAIN__MOD (0.364706,0.031373,0.039216,0.000000);
LayerSetOffset MAIN__MOD (0,0);
LayerSetHeight MAIN__MOD 34;
LayerSetCharWidths MAIN__MOD MAINCharList MAINWidthList;
LayerSetCharOffsets MAIN__MOD MAINCharList ((0,0), (1,7), (0,0), (0,0), (0,0), (0,0), (0,0), (0,0), (0,0), (0,0), (0,0), (0,0), (0,0), (0,0), (0,0), (0,0), (0,0), (0,0), (0,0), (0,0), (0,0), (0,0), (0,0), (0,0), (0,13), (0,13), (0,0), (0,0), (0,0), (0,0), (0,0), (0,0), (0,0), (0,0), (0,0), (0,0), (0,0), (0,0), (0,0), (0,0), (0,0), (0,0), (0,0), (0,0), (0,0), (0,0), (0,0), (0,0), (0,0), (0,0), (0,0), (0,0), (0,0), (0,0), (0,0), (0,0), (0,0), (0,0), (0,0), (0,0), (0,0), (0,0), (0,0), (0,0), (0,0), (0,0), (0,0), (0,0), (0,0), (0,0), (0,0), (0,0), (0,0), (0,0), (0,0), (0,0), (0,0), (0,0), (0,0), (0,0), (0,0));
LayerSetKerningPairs MAIN__MOD MAINKernPairs MAINKernValues;
LayerSetHeight MAIN__MOD 34;
LayerSetImage MAIN__MOD 'ccbattlecry36_layer0';
LayerSetImageMap MAIN__MOD MAINCharList ((0,0,0,0), (76,122,7,14), (0,0,0,0), (0,0,0,0), (0,0,0,0), (0,0,0,0), (0,0,0,0), (0,0,0,0), (0,0,0,0), (0,0,0,0), (0,0,0,0), (0,0,0,0), (0,0,0,0), (0,0,0,0), (0,0,0,0), (0,0,0,0), (0,0,0,0), (0,0,0,0), (0,0,0,0), (0,0,0,0), (0,0,0,0), (0,0,0,0), (0,0,0,0), (0,0,0,0), (121,130,5,6), (116,130,5,6), (0,0,0,0), (0,0,0,0), (0,0,0,0), (0,0,0,0), (0,0,0,0), (0,0,0,0), (0,0,0,0), (0,0,0,0), (0,0,0,0), (0,0,0,0), (0,0,0,0), (0,0,0,0), (0,0,0,0), (0,0,0,0), (0,0,0,0), (0,0,0,0), (0,0,0,0), (0,0,0,0), (0,0,0,0), (0,0,0,0), (0,0,0,0), (0,0,0,0), (0,0,0,0), (0,0,0,0), (0,0,0,0), (0,0,0,0), (0,0,0,0), (0,0,0,0), (0,0,0,0), (0,0,0,0), (0,0,0,0), (0,0,0,0), (0,0,0,0), (0,0,0,0), (0,0,0,0), (0,0,0,0), (0,0,0,0), (0,0,0,0), (0,0,0,0), (0,0,0,0), (0,0,0,0), (0,0,0,0), (0,0,0,0), (0,0,0,0), (0,0,0,0), (0,0,0,0), (0,0,0,0), (0,0,0,0), (0,0,0,0), (0,0,0,0), (0,0,0,0), (0,0,0,0), (0,0,0,0), (0,0,0,0), (0,0,0,0));
