SetDefaultPointSize 18;
SetCharMap (' ') (' ');

CreateLayer MAIN;
Define MAINCharList
 (' ', '!', '"', '#', '%', '&', "'", '(', ')', '+', ',', '-', '.', '/', '0', '1', '2', '3', '4', '5', '6', '7', '8', '9', ':', ';', '=', '?', 'A', 'B', 'C', 'D', 'E', 'F', 'G', 'H', 'I', 'J', 'K', 'L', 'M', 'N', 'O', 'P', 'Q', 'R', 'S', 'T', 'U', 'V', 'W', 'X', 'Y', 'Z', '\\', 'a', 'b', 'c', 'd', 'e', 'f', 'g', 'h', 'i', 'j', 'k', 'l', 'm', 'n', 'o', 'p', 'q', 'r', 's', 't', 'u', 'v', 'w', 'x', 'y', 'z');
Define MAINWidthList
 (8, 5, 6, 19, 12, 12, 19, 11, 9, 8, 4, 7, 4, 7, 13, 11, 9, 10, 13, 14, 10, 11, 14, 10, 5, 4, 7, 8, 13, 10, 11, 12, 12, 10, 13, 14, 5, 10, 13, 12, 20, 15, 14, 12, 14, 10, 10, 10, 13, 10, 18, 13, 9, 11, 7, 10, 11, 9, 14, 11, 9, 9, 11, 6, 5, 11, 12, 17, 12, 11, 11, 9, 8, 10, 9, 13, 10, 15, 11, 10, 10);
Define MAINKernPairs
 ();
Define MAINKernValues
 ();
LayerSetAscent MAIN 26;
LayerSetAscentPadding MAIN 0;
LayerSetPointSize MAIN 18;
LayerSetAlphaCorrection MAIN 1;
LayerSetOffset MAIN (0,0);
LayerSetHeight MAIN 32;
LayerSetCharWidths MAIN MAINCharList MAINWidthList;
LayerSetCharOffsets MAIN MAINCharList ((0,0), (-1,23), (0,8), (0,5), (0,12), (0,9), (0,5), (0,15), (-1,14), (0,14), (-2,22), (0,17), (0,22), (0,16), (0,12), (0,13), (0,11), (0,11), (0,13), (0,11), (0,13), (0,11), (0,12), (0,11), (0,23), (-3,22), (-1,16), (2,23), (0,11), (-1,9), (0,11), (-3,9), (0,11), (0,12), (0,11), (0,11), (0,11), (-1,10), (0,9), (-1,11), (0,11), (0,11), (0,11), (0,10), (0,11), (0,11), (0,11), (0,11), (0,11), (0,11), (0,10), (-1,11), (0,10), (0,11), (-1,15), (0,16), (-1,9), (0,16), (-1,10), (-1,16), (-1,9), (-3,17), (0,10), (0,15), (-7,17), (-1,11), (-1,10), (-1,16), (-1,15), (0,16), (-3,15), (0,16), (0,17), (-1,15), (-1,12), (0,16), (0,16), (0,15), (0,16), (-2,17), (0,15));
LayerSetKerningPairs MAIN MAINKernPairs MAINKernValues;
LayerSetHeight MAIN 32;
LayerSetSpacing MAIN -1;
LayerSetImage MAIN 'hwvincent35_layer0';
LayerSetImageMap MAIN MAINCharList ((0,0,0,0), (11,105,4,2), (17,101,5,5), (0,0,18,20), (2,49,12,14), (85,0,13,17), (0,0,18,20), (0,89,11,12), (13,63,10,15), (33,101,8,8), (22,101,5,8), (5,105,6,2), (1,20,3,3), (100,91,7,9), (64,77,12,13), (11,89,11,12), (83,77,8,14), (113,34,10,14), (32,77,13,12), (53,63,17,14), (22,89,10,12), (101,77,10,14), (4,20,14,13), (91,77,10,14), (15,106,3,2), (27,101,6,8), (9,101,8,4), (18,106,3,2), (47,17,15,16), (98,0,13,17), (14,48,12,15), (78,17,16,16), (36,33,17,15), (100,63,12,14), (109,48,14,15), (53,33,17,15), (76,77,7,14), (95,48,14,15), (56,0,15,17), (81,48,14,15), (34,0,22,17), (32,63,21,14), (70,33,15,15), (0,33,14,16), (18,0,16,18), (100,33,13,15), (67,48,14,15), (70,63,16,14), (53,48,14,15), (85,33,15,15), (14,33,22,15), (18,18,16,15), (39,48,14,15), (26,48,13,15), (32,89,8,12), (80,100,12,10), (111,0,11,17), (65,90,11,10), (94,17,19,16), (107,91,14,10), (71,0,14,17), (52,77,12,13), (113,17,10,17), (41,100,6,10), (111,77,12,14), (0,63,13,15), (62,17,16,16), (45,90,20,10), (16,78,16,11), (57,100,11,10), (34,17,13,16), (23,63,9,15), (89,91,11,9), (3,78,13,11), (112,63,11,14), (92,100,14,10), (76,91,13,9), (106,101,17,10), (47,100,10,10), (86,63,14,14), (68,100,12,10));

CreateLayer MAIN__MOD;
LayerSetAscent MAIN__MOD 26;
LayerSetAscentPadding MAIN__MOD 0;
LayerSetPointSize MAIN__MOD 18;
LayerSetAlphaCorrection MAIN__MOD 1;
LayerSetOffset MAIN__MOD (0,0);
LayerSetHeight MAIN__MOD 32;
LayerSetCharWidths MAIN__MOD MAINCharList MAINWidthList;
LayerSetCharOffsets MAIN__MOD MAINCharList ((0,0), (1,9), (0,0), (0,0), (0,0), (0,0), (0,0), (0,0), (0,0), (0,0), (0,0), (0,0), (0,0), (0,0), (0,0), (0,0), (0,0), (0,0), (0,0), (0,0), (0,0), (0,0), (0,0), (0,0), (2,17), (0,18), (0,0), (0,7), (0,0), (0,0), (0,0), (0,0), (0,0), (0,0), (0,0), (0,0), (0,0), (0,0), (0,0), (0,0), (0,0), (0,0), (0,0), (0,0), (0,0), (0,0), (0,0), (0,0), (0,0), (0,0), (0,0), (0,0), (0,0), (0,0), (0,0), (0,0), (0,0), (0,0), (0,0), (0,0), (0,0), (0,0), (0,0), (6,8), (4,12), (0,0), (0,0), (0,0), (0,0), (0,0), (0,0), (0,0), (0,0), (0,0), (0,0), (0,0), (0,0), (0,0), (0,0), (0,0), (0,0));
LayerSetKerningPairs MAIN__MOD MAINKernPairs MAINKernValues;
LayerSetHeight MAIN__MOD 32;
LayerSetSpacing MAIN__MOD -1;
LayerSetImage MAIN__MOD 'hwvincent35_layer0';
LayerSetImageMap MAIN__MOD MAINCharList ((0,0,0,0), (40,89,5,11), (0,0,0,0), (0,0,0,0), (0,0,0,0), (0,0,0,0), (0,0,0,0), (0,0,0,0), (0,0,0,0), (0,0,0,0), (0,0,0,0), (0,0,0,0), (0,0,0,0), (0,0,0,0), (0,0,0,0), (0,0,0,0), (0,0,0,0), (0,0,0,0), (0,0,0,0), (0,0,0,0), (0,0,0,0), (0,0,0,0), (0,0,0,0), (0,0,0,0), (1,78,2,3), (1,101,3,3), (0,0,0,0), (45,77,7,13), (0,0,0,0), (0,0,0,0), (0,0,0,0), (0,0,0,0), (0,0,0,0), (0,0,0,0), (0,0,0,0), (0,0,0,0), (0,0,0,0), (0,0,0,0), (0,0,0,0), (0,0,0,0), (0,0,0,0), (0,0,0,0), (0,0,0,0), (0,0,0,0), (0,0,0,0), (0,0,0,0), (0,0,0,0), (0,0,0,0), (0,0,0,0), (0,0,0,0), (0,0,0,0), (0,0,0,0), (0,0,0,0), (0,0,0,0), (0,0,0,0), (0,0,0,0), (0,0,0,0), (0,0,0,0), (0,0,0,0), (0,0,0,0), (0,0,0,0), (0,0,0,0), (0,0,0,0), (4,101,5,4), (0,105,5,3), (0,0,0,0), (0,0,0,0), (0,0,0,0), (0,0,0,0), (0,0,0,0), (0,0,0,0), (0,0,0,0), (0,0,0,0), (0,0,0,0), (0,0,0,0), (0,0,0,0), (0,0,0,0), (0,0,0,0), (0,0,0,0), (0,0,0,0), (0,0,0,0));
